> 05
< 15
> 02 05 11 1e 00 00 00 0a
< 06 02 30 11 00 1e 43 31 4c 9c 1d 06 11 01 22 13 32 0a 03 01 00 4e 41 00 00 01 01 10 02 04 12 11 26 3a 00 b5 1a 00 00 01 00 00 00 00 00 3d aa ad cb 01 00 c5
> 06

> 05
< 15
> 02 05 10 1e 00 00 00 0b
< 06 02 10 10 00 1e 32 0a 03 01 00 9e de 18 01 0075 02 00 0a
> 06

> 05
< 15
> 02 01 fc fd
< 06 02 17 fc 00 00 00 01 0e 0f 00 50 41 59 4f 4e 4c 49 4e 45 2d 30 31 2d d4 c0 49
> 06

> 05
< 15
> 02 07 2e 1e 00 00 00 12 01 24 
< 06 02 2e 2e 00 53 45 52 49 41 4c 20 4e 55 4d 42 45 52 00 00 00 00 00 00 00 00 00 00 00 00 00 00 00 00 00 00 00 00 00 00 00 00 00 00 00 01 15 00 00 37
> 06

> 05
< 15
> 02 09 1f 1e 00 00 00 12 01 00 01 1a
< 06 02 17 1f 00 30 32 37 39 33 32 30 30 30 35 30 30 36 38 33 37 00 30 30 30 00 2a
> 06
